255 255 255 255 255 255 255 255 255 255 255 255 255 255 255 255
255 255 255 255 255 255 255 255 255 255 255 255 255 255 255 255
255 255   0   0   0   0   0   0   0   0   0   0   0   0 255 255
255 255   0   0   0   0   0   0   0   0   0   0   0   0 255 255
255 255   0   0   0   0   0   0   0   0   0   0   0   0 255 255
255 255   0   0   0 191 242 127 127 226 191   0   0   0 255 255
255 255   0   0   0 255 231   0   0 229 242   0   0   0 255 255
255 255   0   0   0 255   0 255 255 255   0   0   0   0 255 255
255 255   0   0   0   0 255  50  52 226 127   0   0   0 255 255
255 255   0   0   0 226 229 255 226 200 240   0   0   0 255 255
255 255   0   0   0 191 255 127   0 240   0   0   0   0 255 255
255 255   0   0   0   0   0   0   0   0   0   0   0   0 255 255
255 255   0   0   0   0   0   0   0   0   0   0   0   0 255 255
255 255   0   0   0   0   0   0   0   0   0   0   0   0 255 255
255 255 255 255 255 255 255 255 255 255 255 255 255 255 255 255
255 255 255 255 255 255 255 255 255 255 255 255 255 255 255 255
255 255 255 255 255 255 255 255 255 255 255 255 255 255 255 255
255 255 255 255 255 255 255 255 255 255 255 255 255 255 255 255
255 255   0   0   0   0   0   0   0   0   0   0   0   0 255 255
255 255   0   0   0   0   0   0   0   0   0   0   0   0 255 255
255 255   0   0   0   0   0   0   0   0   0   0   0   0 255 255
255 255   0   0   0 191 242 127 127 226 191   0   0   0 255 255
255 255   0   0   0 255 231   0   0 229 242   0   0   0 255 255
255 255   0   0   0 255   0 255 255 255   0   0   0   0 255 255
255 255   0   0   0   0 255  59  58 226 127   0   0   0 255 255
255 255   0   0   0 226 229 255 226 200 240   0   0   0 255 255
255 255   0   0   0 191 255 127   0 240   0   0   0   0 255 255
255 255   0   0   0   0   0   0   0   0   0   0   0   0 255 255
255 255   0   0   0   0   0   0   0   0   0   0   0   0 255 255
255 255   0   0   0   0   0   0   0   0   0   0   0   0 255 255
255 255 255 255 255 255 255 255 255 255 255 255 255 255 255 255
255 255 255 255 255 255 255 255 255 255 255 255 255 255 255 255
255 255 255 255 255 255 255 255 255 255 255 255 255 255 255 255
255 255 255 255 255 255 255 255 255 255 255 255 255 255 255 255
255 255  25  25  25  25  25  25  25  25  25  25  25  25 255 255
255 255  25  25  25  25  25  25  25  25  25  25  25  25 255 255
255 255  25  25  25  25  25  25  25  25  25  25  25  25 255 255
255 255  25  25  25 191 242 127 127 226 191  25  25  25 255 255
255 255  25  25  25 255 231   0   0 229 242  25  25  25 255 255
255 255  25  25  25 255   0 255 255 255   0  25  25  25 255 255
255 255  25  25  25   0 255 179 183 226 127  25  25  25 255 255
255 255  25  25  25 226 229 255 226 200 240  25  25  25 255 255
255 255  25  25  25 191 255 127   0 240   0  25  25  25 255 255
255 255  25  25  25  25  25  25  25  25  25  25  25  25 255 255
255 255  25  25  25  25  25  25  25  25  25  25  25  25 255 255
255 255  25  25  25  25  25  25  25  25  25  25  25  25 255 255
255 255 255 255 255 255 255 255 255 255 255 255 255 255 255 255
255 255 255 255 255 255 255 255 255 255 255 255 255 255 255 255

255 255 255 255 255 255 255 255 255 255 255 255 255 255 255 255
255 214 153 153 153 153 153 153 153 153 153 153 153 153 214 255
255 153   0   0   0   0   0   0   0   0   0   0   0   0 153 255
255 153   0   0   0   0   0   0   0   0   0   0   0   0 153 255
255 153   0   0  10  51  51  51  51  51  51  10   0   0 153 255
255 153   0   0  51 120 162 169 141 118 143  51   0   0 153 255
255 153   0   0  51 130 142 114 116 124 136  51   0   0 153 255
255 153   0   0  51 137 141 162  92 147 157  51   0   0 153 255
255 153   0   0  51 118 103 172 103 147 134  51   0   0 153 255
255 153   0   0  51 146 131 103 148 108 146  51   0   0 153 255
255 153   0   0  51 120 164 131 129 138 120  51   0   0 153 255
255 153   0   0  10  51  51  51  51  51  51  10   0   0 153 255
255 153   0   0   0   0   0   0   0   0   0   0   0   0 153 255
255 153   0   0   0   0   0   0   0   0   0   0   0   0 153 255
255 214 153 153 153 153 153 153 153 153 153 153 153 153 214 255
255 255 255 255 255 255 255 255 255 255 255 255 255 255 255 255
255 255 255 255 255 255 255 255 255 255 255 255 255 255 255 255
255 214 153 153 153 153 153 153 153 153 153 153 153 153 214 255
255 153   0   0   0   0   0   0   0   0   0   0   0   0 153 255
255 153   0   0   0   0   0   0   0   0   0   0   0   0 153 255
255 153   0   0  10  51  51  51  51  51  51  10   0   0 153 255
255 153   0   0  51 120 162 169 141 118 143  51   0   0 153 255
255 153   0   0  51 130 142 114 116 124 136  51   0   0 153 255
255 153   0   0  51 137 141 164  96 147 157  51   0   0 153 255
255 153   0   0  51 118 103 176 107 147 134  51   0   0 153 255
255 153   0   0  51 146 131 103 148 108 146  51   0   0 153 255
255 153   0   0  51 120 164 131 129 138 120  51   0   0 153 255
255 153   0   0  10  51  51  51  51  51  51  10   0   0 153 255
255 153   0   0   0   0   0   0   0   0   0   0   0   0 153 255
255 153   0   0   0   0   0   0   0   0   0   0   0   0 153 255
255 214 153 153 153 153 153 153 153 153 153 153 153 153 214 255
255 255 255 255 255 255 255 255 255 255 255 255 255 255 255 255
255 255 255 255 255 255 255 255 255 255 255 255 255 255 255 255
255 218 163 163 163 163 163 163 163 163 163 163 163 163 218 255
255 163  25  25  25  25  25  25  25  25  25  25  25  25 163 255
255 163  25  25  25  25  25  25  25  25  25  25  25  25 163 255
255 163  25  25  34  71  71  71  71  71  71  34  25  25 163 255
255 163  25  25  71 120 162 169 141 118 143  71  25  25 163 255
255 163  25  25  71 130 142 114 116 124 136  71  25  25 163 255
255 163  25  25  71 137 141 217 187 147 157  71  25  25 163 255
255 163  25  25  71 118 103 221 193 147 134  71  25  25 163 255
255 163  25  25  71 146 131 103 148 108 146  71  25  25 163 255
255 163  25  25  71 120 164 131 129 138 120  71  25  25 163 255
255 163  25  25  34  71  71  71  71  71  71  34  25  25 163 255
255 163  25  25  25  25  25  25  25  25  25  25  25  25 163 255
255 163  25  25  25  25  25  25  25  25  25  25  25  25 163 255
255 218 163 163 163 163 163 163 163 163 163 163 163 163 218 255
255 255 255 255 255 255 255 255 255 255 255 255 255 255 255 255

255 255 255 255 255 255 255 255 255 255 255 255 255 255 255 255
255 214 153 153 153 153 153 153 153 153 153 153 153 153 214 255
255 153   0   0   0   0   0   0   0   0   0   0   0   0 153 255
255 153   0   0   0   0   0   0   0   0   0   0   0   0 153 255
255 153   0   0  10  51  51  51  51  51  51  10   0   0 153 255
255 153   0   0  51 143 136 157 134 146 120  51   0   0 153 255
255 153   0   0  51 118 124 147 147 108 138  51   0   0 153 255
255 153   0   0  51 141 116  92 103 148 129  51   0   0 153 255
255 153   0   0  51 169 114 162 172 103 131  51   0   0 153 255
255 153   0   0  51 162 142 141 103 131 164  51   0   0 153 255
255 153   0   0  51 120 130 137 118 146 120  51   0   0 153 255
255 153   0   0  10  51  51  51  51  51  51  10   0   0 153 255
255 153   0   0   0   0   0   0   0   0   0   0   0   0 153 255
255 153   0   0   0   0   0   0   0   0   0   0   0   0 153 255
255 214 153 153 153 153 153 153 153 153 153 153 153 153 214 255
255 255 255 255 255 255 255 255 255 255 255 255 255 255 255 255
255 255 255 255 255 255 255 255 255 255 255 255 255 255 255 255
255 214 153 153 153 153 153 153 153 153 153 153 153 153 214 255
255 153   0   0   0   0   0   0   0   0   0   0   0   0 153 255
255 153   0   0   0   0   0   0   0   0   0   0   0   0 153 255
255 153   0   0  10  51  51  51  51  51  51  10   0   0 153 255
255 153   0   0  51 143 136 157 134 146 120  51   0   0 153 255
255 153   0   0  51 118 124 147 147 108 138  51   0   0 153 255
255 153   0   0  51 141 116  96 107 148 129  51   0   0 153 255
255 153   0   0  51 169 114 164 176 103 131  51   0   0 153 255
255 153   0   0  51 162 142 141 103 131 164  51   0   0 153 255
255 153   0   0  51 120 130 137 118 146 120  51   0   0 153 255
255 153   0   0  10  51  51  51  51  51  51  10   0   0 153 255
255 153   0   0   0   0   0   0   0   0   0   0   0   0 153 255
255 153   0   0   0   0   0   0   0   0   0   0   0   0 153 255
255 214 153 153 153 153 153 153 153 153 153 153 153 153 214 255
255 255 255 255 255 255 255 255 255 255 255 255 255 255 255 255
255 255 255 255 255 255 255 255 255 255 255 255 255 255 255 255
255 218 163 163 163 163 163 163 163 163 163 163 163 163 218 255
255 163  25  25  25  25  25  25  25  25  25  25  25  25 163 255
255 163  25  25  25  25  25  25  25  25  25  25  25  25 163 255
255 163  25  25  34  71  71  71  71  71  71  34  25  25 163 255
255 163  25  25  71 143 136 157 134 146 120  71  25  25 163 255
255 163  25  25  71 118 124 147 147 108 138  71  25  25 163 255
255 163  25  25  71 141 116 187 193 148 129  71  25  25 163 255
255 163  25  25  71 169 114 217 221 103 131  71  25  25 163 255
255 163  25  25  71 162 142 141 103 131 164  71  25  25 163 255
255 163  25  25  71 120 130 137 118 146 120  71  25  25 163 255
255 163  25  25  34  71  71  71  71  71  71  34  25  25 163 255
255 163  25  25  25  25  25  25  25  25  25  25  25  25 163 255
255 163  25  25  25  25  25  25  25  25  25  25  25  25 163 255
255 218 163 163 163 163 163 163 163 163 163 163 163 163 218 255
255 255 255 255 255 255 255 255 255 255 255 255 255 255 255 255

255 255 255 255 255 255 255 255 255 255 255 255 255 255 255 255
255 214 153 153 153 153 153 153 153 153 153 153 153 153 214 255
255 153   0   0   0   0   0   0   0   0   0   0   0   0 153 255
255 153   0   0   0   0   0   0   0   0   0   0   0   0 153 255
255 153   0   0  10  51  51  51  51  51  51  10   0   0 153 255
255 153   0   0  51 120 138 129 131 164 120  51   0   0 153 255
255 153   0   0  51 146 108 148 103 131 146  51   0   0 153 255
255 153   0   0  51 134 147 103 172 103 118  51   0   0 153 255
255 153   0   0  51 157 147  92 162 141 137  51   0   0 153 255
255 153   0   0  51 136 124 116 114 142 130  51   0   0 153 255
255 153   0   0  51 143 118 141 169 162 120  51   0   0 153 255
255 153   0   0  10  51  51  51  51  51  51  10   0   0 153 255
255 153   0   0   0   0   0   0   0   0   0   0   0   0 153 255
255 153   0   0   0   0   0   0   0   0   0   0   0   0 153 255
255 214 153 153 153 153 153 153 153 153 153 153 153 153 214 255
255 255 255 255 255 255 255 255 255 255 255 255 255 255 255 255
255 255 255 255 255 255 255 255 255 255 255 255 255 255 255 255
255 214 153 153 153 153 153 153 153 153 153 153 153 153 214 255
255 153   0   0   0   0   0   0   0   0   0   0   0   0 153 255
255 153   0   0   0   0   0   0   0   0   0   0   0   0 153 255
255 153   0   0  10  51  51  51  51  51  51  10   0   0 153 255
255 153   0   0  51 120 138 129 131 164 120  51   0   0 153 255
255 153   0   0  51 146 108 148 103 131 146  51   0   0 153 255
255 153   0   0  51 134 147 107 176 103 118  51   0   0 153 255
255 153   0   0  51 157 147  96 164 141 137  51   0   0 153 255
255 153   0   0  51 136 124 116 114 142 130  51   0   0 153 255
255 153   0   0  51 143 118 141 169 162 120  51   0   0 153 255
255 153   0   0  10  51  51  51  51  51  51  10   0   0 153 255
255 153   0   0   0   0   0   0   0   0   0   0   0   0 153 255
255 153   0   0   0   0   0   0   0   0   0   0   0   0 153 255
255 214 153 153 153 153 153 153 153 153 153 153 153 153 214 255
255 255 255 255 255 255 255 255 255 255 255 255 255 255 255 255
255 255 255 255 255 255 255 255 255 255 255 255 255 255 255 255
255 218 163 163 163 163 163 163 163 163 163 163 163 163 218 255
255 163  25  25  25  25  25  25  25  25  25  25  25  25 163 255
255 163  25  25  25  25  25  25  25  25  25  25  25  25 163 255
255 163  25  25  34  71  71  71  71  71  71  34  25  25 163 255
255 163  25  25  71 120 138 129 131 164 120  71  25  25 163 255
255 163  25  25  71 146 108 148 103 131 146  71  25  25 163 255
255 163  25  25  71 134 147 193 221 103 118  71  25  25 163 255
255 163  25  25  71 157 147 187 217 141 137  71  25  25 163 255
255 163  25  25  71 136 124 116 114 142 130  71  25  25 163 255
255 163  25  25  71 143 118 141 169 162 120  71  25  25 163 255
255 163  25  25  34  71  71  71  71  71  71  34  25  25 163 255
255 163  25  25  25  25  25  25  25  25  25  25  25  25 163 255
255 163  25  25  25  25  25  25  25  25  25  25  25  25 163 255
255 218 163 163 163 163 163 163 163 163 163 163 163 163 218 255
255 255 255 255 255 255 255 255 255 255 255 255 255 255 255 255
